----------------------------------------------------------------------------------------------------------------------------------------------------------------------------
  Bin Id                Marker lineage            # genomes   # markers   # marker sets    0     1    2   3   4   5+   Completeness   Contamination   Strain heterogeneity  
----------------------------------------------------------------------------------------------------------------------------------------------------------------------------
  metabat.26      p__Cyanobacteria (UID2189)          82         579           450         10   566   3   0   0   0       97.78            0.67               0.00          
  contig_147      o__Cytophagales (UID2936)           47         454           336         9    438   7   0   0   0       97.62            1.64              14.29          
  metabat.37      o__Clostridiales (UID1120)         304         247           141        144    99   4   0   0   0       47.28            1.77               0.00          
  metabat.48         k__Bacteria (UID203)            5449        104            58         84    20   0   0   0   0       31.03            0.00               0.00          
  metabat.41        k__Bacteria (UID3060)            138         338           246        230   108   0   0   0   0       30.28            0.00               0.00          
  metabat.14         k__Bacteria (UID203)            5449        104            58         85    19   0   0   0   0       29.31            0.00               0.00          
  metabat.29   c__Deltaproteobacteria (UID3216)       83         247           155        169    77   1   0   0   0       28.18            0.13               0.00          
  metabat.61         k__Bacteria (UID203)            5449        104            58         87    17   0   0   0   0       23.28            0.00               0.00          
  metabat.62      o__Clostridiales (UID1212)         172         263           149        198    65   0   0   0   0       22.60            0.00               0.00          
  metabat.10         k__Bacteria (UID203)            5449        104            58         90    14   0   0   0   0       22.41            0.00               0.00          
  metabat.51         k__Bacteria (UID203)            5449        102            56         87    15   0   0   0   0       21.43            0.00               0.00          
  metabat.25     p__Proteobacteria (UID3061)         115         395           260        290   105   0   0   0   0       21.00            0.00               0.00          
  metabat.31        k__Bacteria (UID3060)            138         338           246        260    78   0   0   0   0       19.73            0.00               0.00          
  metabat.22   c__Deltaproteobacteria (UID3216)       83         247           155        190    57   0   0   0   0       18.53            0.00               0.00          
  metabat.16         k__Bacteria (UID203)            5449        104            58         93    11   0   0   0   0       17.24            0.00               0.00          
  metabat.44         k__Bacteria (UID203)            5449        104            58         88    16   0   0   0   0       14.97            0.00               0.00          
  metabat.7    c__Deltaproteobacteria (UID3218)       61         284           169        239    45   0   0   0   0       14.53            0.00               0.00          
  metabat.36         k__Bacteria (UID203)            5449        103            57         93    10   0   0   0   0       14.04            0.00               0.00          
  metabat.32   c__Deltaproteobacteria (UID3218)       61         284           169        219    64   1   0   0   0       13.77            0.02               0.00          
  metabat.13             root (UID1)                 5656         56            24         53    3    0   0   0   0       12.50            0.00               0.00          
  metabat.3         s__algicola (UID2846)             47         571           303        482    88   1   0   0   0       12.21            0.01               0.00          
  metabat.64         k__Bacteria (UID203)            5449        104            58         95    9    0   0   0   0       12.07            0.00               0.00          
  metabat.39         k__Bacteria (UID203)            5449        104            58         96    8    0   0   0   0       12.07            0.00               0.00          
  metabat.23         k__Bacteria (UID203)            5449        102            56         95    7    0   0   0   0       10.71            0.00               0.00          
  metabat.21         k__Bacteria (UID203)            5449        104            58         97    7    0   0   0   0       10.50            0.00               0.00          
  metabat.27         k__Bacteria (UID203)            5449        104            58         97    7    0   0   0   0        9.48            0.00               0.00          
  metabat.46        s__algicola (UID2846)             47         571           303        471   100   0   0   0   0        8.64            0.00               0.00          
  metabat.60         k__Bacteria (UID203)            5449        104            58         99    5    0   0   0   0        8.62            0.00               0.00          
  metabat.40         k__Bacteria (UID203)            5449        104            58         98    6    0   0   0   0        8.62            0.00               0.00          
  metabat.18         k__Bacteria (UID203)            5449        104            58         98    6    0   0   0   0        8.62            0.00               0.00          
  metabat.11         k__Bacteria (UID203)            5449        104            58         98    6    0   0   0   0        8.62            0.00               0.00          
  metabat.24         k__Bacteria (UID203)            5449        104            58         95    9    0   0   0   0        6.90            0.00               0.00          
  metabat.1       o__Clostridiales (UID1212)         172         263           149        219    44   0   0   0   0        6.71            0.00               0.00          
  metabat.55         k__Bacteria (UID203)            5449        104            58         98    6    0   0   0   0        6.19            0.00               0.00          
  metabat.58         k__Bacteria (UID203)            5449        104            58         97    7    0   0   0   0        5.17            0.00               0.00          
  metabat.63             root (UID1)                 5656         56            24         55    1    0   0   0   0        4.17            0.00               0.00          
  metabat.45             root (UID1)                 5656         56            24         55    1    0   0   0   0        4.17            0.00               0.00          
  metabat.4              root (UID1)                 5656         56            24         55    1    0   0   0   0        4.17            0.00               0.00          
  metabat.54             root (UID1)                 5656         56            24         54    2    0   0   0   0        2.08            0.00               0.00          
  metabat.30         k__Bacteria (UID203)            5449        103            57        102    1    0   0   0   0        1.75            0.00               0.00          
  metabat.9              root (UID1)                 5656         56            24         56    0    0   0   0   0        0.00            0.00               0.00          
  metabat.8              root (UID1)                 5656         56            24         56    0    0   0   0   0        0.00            0.00               0.00          
  metabat.6              root (UID1)                 5656         56            24         56    0    0   0   0   0        0.00            0.00               0.00          
  metabat.59             root (UID1)                 5656         56            24         56    0    0   0   0   0        0.00            0.00               0.00          
  metabat.57             root (UID1)                 5656         56            24         56    0    0   0   0   0        0.00            0.00               0.00          
  metabat.56             root (UID1)                 5656         56            24         56    0    0   0   0   0        0.00            0.00               0.00          
  metabat.53             root (UID1)                 5656         56            24         56    0    0   0   0   0        0.00            0.00               0.00          
  metabat.52             root (UID1)                 5656         56            24         56    0    0   0   0   0        0.00            0.00               0.00          
  metabat.50             root (UID1)                 5656         56            24         56    0    0   0   0   0        0.00            0.00               0.00          
  metabat.5              root (UID1)                 5656         56            24         56    0    0   0   0   0        0.00            0.00               0.00          
  metabat.49             root (UID1)                 5656         56            24         56    0    0   0   0   0        0.00            0.00               0.00          
  metabat.47             root (UID1)                 5656         56            24         56    0    0   0   0   0        0.00            0.00               0.00          
  metabat.43             root (UID1)                 5656         56            24         56    0    0   0   0   0        0.00            0.00               0.00          
  metabat.42             root (UID1)                 5656         56            24         56    0    0   0   0   0        0.00            0.00               0.00          
  metabat.38             root (UID1)                 5656         56            24         56    0    0   0   0   0        0.00            0.00               0.00          
  metabat.35             root (UID1)                 5656         56            24         56    0    0   0   0   0        0.00            0.00               0.00          
  metabat.34             root (UID1)                 5656         56            24         56    0    0   0   0   0        0.00            0.00               0.00          
  metabat.33             root (UID1)                 5656         56            24         56    0    0   0   0   0        0.00            0.00               0.00          
  metabat.28             root (UID1)                 5656         56            24         56    0    0   0   0   0        0.00            0.00               0.00          
  metabat.20             root (UID1)                 5656         56            24         56    0    0   0   0   0        0.00            0.00               0.00          
  metabat.2              root (UID1)                 5656         56            24         56    0    0   0   0   0        0.00            0.00               0.00          
  metabat.19         k__Bacteria (UID203)            5449        104            58        104    0    0   0   0   0        0.00            0.00               0.00          
  metabat.17             root (UID1)                 5656         56            24         56    0    0   0   0   0        0.00            0.00               0.00          
  metabat.15             root (UID1)                 5656         56            24         56    0    0   0   0   0        0.00            0.00               0.00          
  metabat.12             root (UID1)                 5656         56            24         56    0    0   0   0   0        0.00            0.00               0.00          
----------------------------------------------------------------------------------------------------------------------------------------------------------------------------
